100 4950 3
10 87 83
73 99 11
54 68 28
22 45 29
10 17 47
35 86 29
54 89 9
2 26 68
63 14 31
83 97 83
70 83 72
99 15 86
9 5 77
29 70 37
58 52 86
19 83 22
15 40 68
0 1 81
19 95 19
59 77 79
27 32 28
90 35 37
65 83 45
30 74 1
52 89 57
18 70 44
37 26 70
76 28 75
15 52 96
91 33 86
91 7 37
24 68 50
7 87 40
21 42 18
6 98 11
15 30 68
90 69 40
62 41 81
33 6 33
43 36 89
40 23 73
76 85 58
34 97 91
75 62 84
29 57 51
64 41 88
74 1 30
81 20 41
78 46 34
45 89 65
59 89 61
29 76 95
84 61 18
30 25 81
39 93 63
22 2 28
86 64 20
35 71 1
63 92 43
28 98 7
79 38 33
28 86 67
33 81 71
60 61 51
65 58 40
93 38 57
51 99 27
48 12 19
62 31 58
84 50 84
71 70 68
43 31 24
64 12 11
13 59 5
91 65 79
87 54 39
42 57 33
58 56 10
75 21 73
92 79 16
62 73 64
98 16 36
8 76 34
23 86 30
40 75 28
94 13 40
41 4 19
10 24 60
6 49 93
27 92 3
39 91 36
63 3 1
8 57 46
74 43 35
11 14 43
11 2 13
26 49 9
83 78 4
28 68 33
43 88 33
62 24 26
27 72 27
44 53 86
73 49 23
55 56 39
47 52 34
57 11 56
34 73 15
26 6 22
31 91 56
78 17 32
86 90 51
56 86 43
53 69 39
40 8 34
68 93 84
32 90 8
1 16 10
68 5 69
25 61 61
36 64 64
20 43 18
45 38 74
89 97 54
26 53 35
24 22 28
17 77 75
81 78 60
88 60 100
85 98 93
94 72 52
30 17 58
50 17 14
82 67 12
75 9 28
70 90 10
63 32 15
71 94 19
57 88 74
60 83 61
82 75 56
36 5 35
90 4 61
82 91 98
48 38 17
45 95 97
21 57 93
49 61 53
75 48 6
24 58 20
1 87 85
39 94 47
13 74 14
49 32 39
88 15 75
96 7 47
87 73 46
75 70 70
84 98 34
97 31 10
93 49 18
37 31 85
1 90 17
85 91 12
95 89 88
16 61 77
55 13 82
30 40 4
45 36 24
52 19 71
57 33 39
87 96 53
13 47 75
78 7 39
75 61 11
17 65 46
14 56 82
52 53 94
99 75 13
59 73 71
45 19 29
70 17 23
44 18 64
44 5 69
75 89 4
95 32 31
34 24 92
41 20 28
8 88 74
96 39 87
43 1 44
12 84 84
46 37 36
97 55 48
1 27 14
41 22 13
26 28 7
45 81 54
98 12 3
31 94 87
0 2 67
74 12 32
76 93 18
83 20 79
43 80 96
49 43 85
51 80 7
51 73 34
36 48 43
74 69 30
43 2 15
84 48 32
82 85 58
60 38 97
61 40 40
47 28 51
49 48 53
80 73 53
37 70 89
22 86 22
56 23 8
81 0 32
90 95 18
42 4 38
28 14 73
7 27 81
23 58 67
5 19 47
39 55 76
61 33 33
17 60 48
25 92 15
22 5 67
88 14 7
84 78 69
77 0 43
21 82 55
46 22 43
95 15 49
38 55 77
48 20 67
95 18 64
65 30 25
36 49 38
95 42 24
48 74 75
1 21 44
38 87 98
45 64 96
41 33 73
33 74 95
3 16 69
32 4 43
67 22 57
27 70 64
6 73 39
4 46 36
11 12 2
6 8 18
97 60 21
26 17 34
0 60 30
28 92 94
50 51 75
42 0 55
2 35 31
81 59 76
33 97 69
25 4 2
13 65 22
82 3 57
55 22 21
4 31 54
85 24 43
79 41 86
37 68 69
23 92 91
2 70 43
36 3 26
57 76 36
17 69 28
19 44 6
8 70 12
8 94 91
12 31 82
0 45 3
14 46 41
4 44 39
40 2 25
56 45 36
29 50 29
53 80 96
92 19 6
75 37 88
91 61 7
9 47 35
54 79 10
19 34 92
48 85 19
8 18 71
47 87 30
74 84 66
26 1 69
28 33 25
3 30 9
17 90 44
23 28 41
14 40 89
28 88 5
78 27 81
35 7 5
40 9 40
64 52 95
10 27 77
61 93 85
70 67 33
18 29 43
35 54 76
46 87 38
72 62 87
34 46 44
65 24 75
96 25 78
31 72 98
24 55 72
50 55 94
23 67 76
55 69 90
12 43 40
83 50 94
1 28 65
45 60 44
61 2 17
1 41 33
13 29 49
9 65 90
11 97 59
94 27 14
37 23 49
29 93 64
49 21 79
56 47 28
0 54 5
29 22 98
76 21 4
84 30 89
53 90 62
36 76 93
42 31 51
29 90 96
34 6 59
46 55 99
32 43 91
91 13 60
74 60 14
75 11 18
21 60 51
56 20 78
98 60 19
84 58 16
26 93 48
51 78 93
51 33 32
32 10 18
8 27 13
17 89 74
51 32 75
13 4 15
81 66 77
65 67 62
77 64 8
64 94 70
81 17 11
80 76 73
13 58 39
2 4 3
53 43 18
51 22 24
50 53 22
97 30 22
60 31 81
82 0 38
0 40 85
83 40 5
34 59 88
33 68 38
26 87 46
47 25 25
65 26 76
68 59 96
69 36 27
4 36 25
65 55 90
39 77 50
47 65 62
3 70 61
79 62 59
45 52 12
99 35 92
22 71 52
11 6 40
90 97 41
66 75 56
41 95 9
45 84 41
43 9 3
65 14 20
99 80 28
70 30 71
55 19 76
30 29 81
41 97 74
60 50 67
16 30 100
29 41 70
7 62 91
16 35 6
24 44 53
47 11 33
86 6 48
83 17 4
99 49 40
8 7 77
24 78 44
50 18 69
90 87 1
95 69 88
33 20 72
0 13 13
81 26 14
15 67 11
46 80 45
20 75 98
73 4 32
56 37 100
14 61 63
92 88 54
92 61 50
51 4 82
30 39 52
63 25 95
92 54 17
45 49 47
91 32 61
82 25 66
67 72 100
79 28 11
9 18 61
74 47 59
4 75 20
87 28 15
24 61 68
71 77 19
95 93 51
83 93 24
80 44 42
2 46 44
67 57 29
33 92 23
65 96 10
21 86 53
6 93 18
22 82 47
79 5 23
96 91 10
80 71 15
36 86 24
35 96 90
65 81 8
15 55 65
44 84 77
49 22 81
77 19 52
3 31 77
87 82 33
66 59 84
34 51 2
77 40 35
15 1 41
16 15 46
90 94 22
7 18 76
18 71 62
85 38 34
30 4 74
16 24 64
76 52 64
58 15 1
8 37 56
36 42 84
67 38 15
96 55 26
34 5 52
20 59 69
23 95 54
25 44 91
49 80 12
27 5 98
54 7 22
28 15 55
16 93 10
1 56 5
51 98 42
94 63 65
4 71 43
46 75 34
72 76 48
44 13 8
49 9 30
2 39 74
76 17 7
26 97 52
60 91 95
92 13 99
73 66 90
6 38 21
1 84 38
57 3 82
91 45 98
51 88 24
47 36 89
20 90 7
39 75 99
92 17 92
4 40 75
44 81 90
49 35 55
78 80 11
31 15 80
66 56 17
92 0 75
27 22 44
30 6 52
0 49 88
2 65 56
26 98 2
51 70 35
94 58 26
11 10 98
22 77 65
80 10 7
27 47 28
76 64 3
59 4 45
8 2 48
58 48 88
82 31 49
96 24 82
32 97 17
53 65 31
72 43 95
52 42 88
26 51 90
73 96 39
24 37 12
73 20 59
2 44 70
4 47 15
81 19 59
0 32 22
99 14 43
38 54 27
19 38 33
8 42 7
26 68 26
45 73 31
58 60 68
71 0 51
54 5 41
96 69 99
51 42 48
87 86 48
28 30 60
47 31 32
24 76 96
29 80 69
27 20 56
43 91 5
30 47 41
54 57 37
13 16 66
4 43 98
31 10 25
50 93 29
23 65 8
40 43 60
34 40 54
56 34 32
23 73 33
20 93 12
0 35 85
40 84 85
93 27 6
4 72 84
71 67 63
81 54 69
61 96 84
48 25 16
77 13 71
83 82 36
33 77 14
18 84 47
86 5 98
73 68 10
64 28 31
10 94 51
31 75 57
35 27 49
45 23 3
46 51 15
66 21 82
82 93 57
40 21 79
56 61 65
88 55 51
96 11 20
78 70 8
78 25 51
38 63 57
67 89 38
19 65 7
95 0 27
47 61 32
78 65 92
4 5 1
38 44 12
71 27 39
36 6 37
2 47 42
13 43 36
81 35 5
87 43 61
85 73 19
34 26 33
77 68 82
47 10 43
60 11 69
39 62 31
46 26 83
48 15 94
98 63 99
62 95 67
19 63 15
31 98 77
52 32 25
15 20 91
59 53 16
70 26 14
2 42 98
28 69 54
22 44 97
4 60 39
75 12 27
17 79 98
66 47 18
77 6 87
88 84 48
35 45 66
17 88 21
58 89 16
9 71 47
62 84 14
78 53 75
88 42 58
66 60 31
77 27 97
17 82 53
84 76 24
49 30 59
68 63 47
82 79 42
60 26 68
32 65 44
46 95 68
82 9 66
88 98 72
65 38 54
44 34 50
4 69 53
90 84 47
20 13 11
44 37 32
28 50 56
99 2 13
54 74 17
99 55 4
6 9 31
65 62 89
16 7 83
3 4 100
21 65 17
38 37 100
12 52 68
10 91 20
30 76 1
5 67 33
15 86 27
92 44 87
77 95 92
28 27 90
97 71 5
58 2 24
19 39 7
84 49 48
22 63 35
10 86 61
58 64 82
59 80 36
34 99 45
17 55 17
65 28 91
21 18 100
11 65 18
58 16 93
24 18 35
91 99 56
53 51 2
51 71 6
56 49 23
46 31 28
50 63 81
36 0 81
50 64 46
44 83 70
67 2 58
72 84 60
26 43 35
65 46 1
20 70 55
40 79 47
43 42 16
99 3 92
17 48 38
2 25 39
78 94 73
95 74 29
25 1 7
99 50 52
18 82 9
26 36 65
7 72 59
22 11 80
74 11 94
87 34 35
92 8 87
58 43 50
79 58 24
82 48 37
68 70 40
32 92 17
57 32 35
88 71 84
76 14 35
37 5 44
18 55 11
25 97 54
41 5 38
57 37 88
20 94 80
18 30 27
1 68 61
34 65 52
61 5 50
50 47 71
48 45 35
17 99 32
57 89 3
32 72 64
84 79 26
44 6 45
50 67 84
89 41 44
34 93 62
84 14 39
76 65 5
75 98 11
67 46 52
9 66 84
31 85 47
97 6 16
56 91 46
7 92 44
35 41 19
3 91 57
5 52 5
20 23 43
45 59 60
61 68 91
21 81 7
96 72 42
39 34 70
63 99 82
11 84 86
98 76 15
79 90 3
49 85 31
54 8 48
49 92 88
71 13 71
82 40 44
52 69 15
82 69 19
11 7 13
20 3 66
92 71 68
7 88 74
40 45 40
0 41 61
49 60 82
95 33 43
85 25 63
96 44 94
27 15 70
98 0 87
50 25 96
27 48 4
81 43 41
74 45 34
59 60 94
54 59 96
45 33 65
76 74 46
79 51 76
25 0 62
88 20 78
74 4 8
66 13 82
52 29 33
32 35 52
62 67 64
55 79 59
31 20 79
79 94 4
62 82 38
54 60 29
29 48 25
19 32 52
35 8 44
96 3 88
80 74 54
81 89 32
61 72 93
20 79 47
28 16 82
78 63 6
98 39 40
8 96 77
63 8 21
55 57 95
45 5 87
59 64 64
59 46 11
70 43 87
97 67 85
79 80 20
11 20 21
27 89 36
60 99 47
88 31 33
75 47 57
48 56 20
45 29 63
40 3 16
94 37 63
55 89 22
17 34 59
77 18 89
20 10 92
3 13 41
33 83 8
21 59 13
58 91 94
29 96 12
28 60 61
37 86 62
75 84 56
42 85 64
11 44 52
74 5 31
39 32 60
82 24 96
52 41 48
51 66 56
8 32 30
19 8 89
29 75 11
14 35 54
3 74 40
83 89 5
55 70 39
97 66 64
71 65 23
47 26 93
78 59 95
57 45 87
10 81 54
85 51 13
74 22 57
71 63 19
6 12 79
95 44 90
83 34 82
80 64 60
45 63 44
70 56 27
82 27 74
5 59 59
14 81 50
58 42 86
84 52 72
67 31 49
76 51 45
85 89 82
24 32 72
40 59 43
85 32 22
38 27 37
14 16 54
98 23 89
44 8 48
35 87 94
57 86 67
14 19 74
44 67 62
79 21 19
36 53 27
61 57 16
67 78 82
96 64 12
77 86 18
85 37 78
11 88 28
95 52 98
13 10 50
88 19 61
97 57 91
34 14 42
87 42 71
2 1 45
44 21 27
44 49 76
27 75 37
76 9 73
1 9 94
16 68 17
58 45 39
31 11 18
3 39 51
47 21 87
28 46 85
30 58 53
81 4 41
16 25 7
37 79 68
79 46 98
33 8 96
91 0 100
73 57 83
58 76 3
64 87 91
37 64 80
52 30 94
89 22 62
33 1 61
31 0 66
49 72 42
78 93 71
34 0 76
26 29 59
75 60 83
40 37 15
83 87 51
1 42 14
46 86 78
83 14 29
35 67 4
83 4 97
34 76 49
49 95 14
53 5 48
30 96 43
66 80 49
5 8 30
21 12 28
46 70 98
50 86 83
44 82 53
6 52 16
52 48 50
24 5 51
17 61 54
81 64 43
70 45 88
40 69 99
20 25 3
1 13 72
27 46 84
4 27 52
22 62 50
74 79 56
3 85 78
83 32 43
85 27 4
32 81 24
65 49 69
50 65 21
68 45 95
36 18 92
57 94 3
12 15 72
99 64 68
20 78 31
73 11 36
90 6 85
92 91 65
81 51 50
50 94 26
43 98 66
30 1 27
36 8 9
61 83 95
14 49 82
49 96 42
61 85 76
8 16 66
17 35 31
48 4 52
81 2 22
92 65 42
44 73 53
71 29 100
17 68 41
16 52 38
94 60 97
92 83 53
29 12 48
47 1 27
86 26 48
54 84 34
87 93 72
22 6 76
89 15 22
7 58 45
85 36 34
83 27 77
39 17 40
80 5 79
64 73 57
97 87 62
15 23 96
55 82 77
11 40 6
10 37 15
14 69 33
93 40 85
21 39 19
6 39 9
7 37 31
37 39 23
98 55 14
81 27 10
55 3 57
18 35 74
61 39 79
31 73 61
80 17 44
5 75 34
57 44 31
18 85 74
70 21 16
12 62 64
77 70 80
37 99 70
53 14 27
79 69 94
1 7 9
50 48 52
52 17 50
19 90 51
76 68 83
61 46 69
8 20 61
65 80 68
83 13 38
45 17 60
16 34 86
29 2 20
84 24 78
13 90 92
32 16 58
48 7 80
60 6 4
72 50 21
57 63 14
71 16 27
86 24 96
56 22 26
34 89 97
37 63 68
41 14 30
29 10 34
13 17 71
12 95 45
50 8 52
89 70 67
3 48 92
66 87 24
50 14 49
42 38 73
67 55 2
30 62 91
18 72 90
73 41 85
79 77 52
69 61 10
81 22 34
43 19 42
15 65 55
75 33 73
71 79 69
49 59 7
36 40 32
51 39 13
17 6 48
49 16 4
93 30 83
19 70 31
39 58 32
19 91 44
94 42 56
25 76 84
98 21 85
82 64 2
60 14 4
45 69 13
84 59 23
97 44 15
83 23 47
39 5 56
91 70 37
98 50 57
32 34 82
96 42 71
54 93 4
34 47 95
12 30 45
91 81 84
61 71 84
51 65 41
71 53 2
23 41 60
16 10 36
41 26 2
36 97 91
43 52 24
87 81 47
3 76 30
56 67 28
16 4 36
26 10 72
78 22 5
48 80 27
24 77 22
83 94 69
82 10 91
22 58 83
70 36 35
69 32 74
76 22 75
97 45 66
63 1 34
81 63 36
49 15 15
88 45 21
31 36 41
53 41 32
76 59 68
62 45 68
15 76 94
75 88 64
73 67 11
34 74 52
46 77 21
36 25 81
80 23 11
45 77 26
16 83 18
98 9 62
1 49 25
47 38 83
94 87 68
34 20 38
46 25 7
28 58 89
52 61 54
69 84 93
72 90 3
95 25 38
79 11 84
5 25 43
97 93 40
76 90 2
27 99 35
42 86 14
84 39 74
80 28 75
81 75 4
23 21 80
33 19 10
81 28 52
37 96 69
63 34 9
64 27 77
4 19 75
58 77 12
54 69 91
68 4 44
68 22 22
53 68 43
48 43 45
60 37 65
7 29 44
19 86 100
79 50 15
67 43 40
68 32 79
13 22 17
27 57 62
82 26 24
54 62 41
14 1 54
28 13 93
61 98 77
9 30 67
10 34 3
38 4 21
60 65 87
25 94 33
2 32 25
96 62 40
64 93 32
68 48 93
90 73 14
62 18 59
19 29 52
11 54 70
73 53 86
69 77 23
8 83 46
97 50 15
0 93 58
97 16 11
58 54 4
74 0 42
40 35 46
80 93 82
11 50 44
87 19 62
77 76 7
91 83 10
56 87 81
42 80 77
36 32 73
95 34 66
3 52 55
63 10 11
5 51 58
50 3 72
9 90 71
39 47 73
20 80 56
75 22 67
66 27 6
15 77 6
67 80 1
34 52 92
77 97 49
99 26 92
9 51 45
93 72 22
91 72 59
31 52 51
45 93 14
67 12 49
5 89 97
75 3 97
63 16 43
51 97 49
78 16 51
71 34 91
34 35 34
11 93 61
12 58 93
75 44 34
28 82 51
25 23 19
9 26 70
51 44 61
54 63 52
37 35 6
11 80 24
94 48 95
35 84 45
56 13 58
26 40 94
52 65 48
88 74 30
45 85 15
82 12 56
67 30 34
45 54 3
75 1 78
83 85 20
34 86 100
8 25 49
27 6 17
54 80 89
15 6 17
64 53 89
48 65 47
92 86 60
73 88 27
71 86 33
77 9 83
67 0 26
67 94 93
56 88 11
89 82 26
33 24 59
20 1 15
26 77 35
73 30 29
78 60 72
41 69 87
76 39 23
2 51 86
15 17 44
42 33 27
84 65 25
58 18 27
54 10 58
66 15 61
30 26 24
47 37 29
21 30 80
78 56 58
74 8 16
47 24 52
46 93 92
40 5 22
22 98 18
28 11 41
16 39 39
95 4 27
58 67 44
20 42 19
42 66 29
39 64 84
45 96 77
6 23 45
19 6 87
73 93 82
10 30 14
64 62 25
36 35 10
86 74 82
4 77 93
68 19 96
40 76 29
49 90 86
31 89 4
82 36 54
11 53 16
57 36 19
12 93 97
71 98 14
36 13 34
21 33 79
6 35 98
80 19 91
87 51 99
10 43 5
47 29 54
5 94 95
38 1 2
39 43 19
57 0 96
98 97 57
13 69 68
22 80 74
5 30 10
44 56 65
94 11 53
54 14 52
37 71 93
93 81 22
1 98 93
2 79 45
69 65 14
83 62 46
19 84 70
16 38 54
19 20 81
94 26 23
80 2 45
6 63 17
21 15 31
74 98 7
59 58 83
91 98 7
81 40 77
70 9 89
22 42 39
41 68 1
7 84 11
74 29 29
97 5 10
80 77 43
10 84 49
79 3 77
13 30 67
74 32 59
44 68 76
46 99 69
21 84 94
71 84 77
95 2 9
81 11 1
19 11 78
10 58 36
75 0 25
25 35 10
16 79 39
49 74 36
36 24 55
48 92 56
35 50 30
22 88 95
7 68 54
16 31 78
88 78 86
25 91 47
13 14 55
79 6 11
41 63 62
13 60 36
50 74 42
57 77 65
2 98 20
19 48 43
61 88 22
36 22 97
13 54 11
17 14 72
33 99 11
44 28 65
26 66 23
59 87 96
61 35 87
52 26 92
37 48 40
23 11 9
12 0 45
23 36 91
89 88 21
40 6 49
5 35 75
8 48 56
75 68 26
88 82 17
28 48 3
57 26 65
2 19 16
17 19 67
28 21 34
24 43 45
57 6 89
67 6 66
0 94 1
11 68 29
0 84 23
54 16 67
51 13 44
64 88 94
74 15 6
47 94 57
16 2 40
27 19 53
74 92 96
86 53 53
48 61 17
32 84 66
6 3 27
15 41 86
18 54 53
5 16 9
69 20 72
73 55 14
24 46 37
85 65 46
92 2 100
58 78 81
85 80 47
31 76 76
88 12 78
26 74 100
31 1 4
29 5 80
15 59 40
38 66 43
46 23 84
44 65 39
57 28 96
12 68 71
21 89 26
82 50 7
30 0 7
3 49 33
12 34 83
8 95 8
44 0 17
19 78 16
49 71 2
76 73 23
91 36 47
29 67 74
49 25 11
11 64 41
43 41 81
8 43 18
48 53 96
89 98 38
30 56 76
42 12 88
15 37 60
7 98 82
8 53 23
64 91 26
18 91 23
95 66 84
39 24 54
17 9 21
22 85 74
27 97 57
0 47 92
4 96 3
69 75 99
98 62 17
93 21 59
43 46 91
62 16 7
94 89 98
12 76 68
50 70 41
86 80 19
2 17 48
59 62 50
93 51 98
24 63 66
17 38 37
29 36 25
54 21 23
54 23 14
61 23 43
60 85 53
66 67 31
91 76 40
69 70 37
63 66 72
97 76 38
23 85 47
16 77 14
83 12 79
58 63 3
50 85 15
93 8 49
73 5 50
19 76 91
89 53 9
9 55 75
92 78 19
95 84 13
50 15 31
99 85 78
8 0 92
81 92 69
72 64 10
86 95 85
26 62 20
13 78 38
55 11 98
79 56 87
97 23 30
20 72 67
55 42 23
13 84 68
86 16 17
40 87 41
33 52 70
29 73 82
59 43 53
70 12 10
25 58 94
3 27 33
63 62 39
7 99 74
83 52 86
49 98 93
51 28 45
0 38 61
97 10 67
98 5 76
7 36 35
83 72 15
1 82 22
68 21 39
20 21 75
83 56 43
42 29 76
6 18 57
33 39 57
40 22 14
33 67 42
7 60 24
24 88 89
75 13 88
37 36 64
33 23 97
21 29 98
74 93 39
50 9 2
12 51 86
67 19 24
14 92 74
27 63 29
43 17 23
62 92 48
18 2 76
57 98 13
87 84 95
13 5 62
33 10 8
30 38 82
62 71 26
74 14 90
15 22 48
78 89 94
67 90 51
60 42 23
50 13 91
81 68 45
53 55 75
96 97 58
74 77 78
49 11 71
99 21 35
29 95 75
25 19 61
39 90 31
48 96 18
55 59 93
56 35 16
73 79 9
38 96 60
37 6 66
48 14 37
45 46 59
33 50 97
23 94 52
62 53 79
57 75 79
55 62 27
47 45 61
17 62 64
69 5 38
29 11 19
93 53 36
4 6 58
99 13 67
72 17 53
74 52 68
49 31 75
57 68 45
62 4 2
37 19 98
56 36 93
86 49 76
50 89 99
2 96 9
77 47 58
30 2 57
65 61 37
57 41 76
28 20 13
78 73 33
79 27 9
14 79 1
63 53 4
13 32 26
17 20 78
4 87 21
20 95 68
63 23 83
10 51 33
35 75 88
25 41 4
68 62 13
86 11 97
90 99 12
43 85 60
23 2 35
63 89 74
12 50 50
77 31 40
65 33 19
66 41 99
4 33 76
28 29 42
75 63 30
7 6 16
50 21 68
72 51 36
2 83 24
55 58 80
8 22 66
72 65 27
30 46 8
79 33 84
14 82 65
23 82 48
53 1 100
6 80 3
91 23 52
70 0 64
27 96 85
90 51 62
48 97 39
73 2 43
75 76 69
61 26 55
51 77 79
89 77 99
47 44 46
6 2 64
37 49 97
4 9 41
83 55 4
24 19 42
49 87 49
75 16 97
64 74 49
67 69 72
89 2 96
35 93 78
50 6 60
50 45 18
50 66 66
20 36 5
50 95 45
91 63 22
23 71 14
8 38 91
56 28 9
29 43 64
35 9 54
41 2 20
78 98 8
44 77 35
72 77 56
78 97 91
16 37 60
97 14 82
17 49 95
20 89 82
7 65 2
15 19 21
39 81 87
22 38 88
67 84 72
55 7 12
1 4 78
4 34 84
52 10 12
63 74 64
65 68 83
21 58 97
89 0 57
31 95 39
15 63 5
92 64 60
53 46 82
50 87 2
61 37 59
30 87 34
1 61 2
25 99 4
58 95 38
28 83 70
13 80 30
42 49 40
76 54 54
10 73 99
46 19 52
15 43 88
38 91 56
22 91 52
18 79 90
23 16 77
95 73 57
19 58 47
95 68 8
20 74 81
3 24 71
35 70 58
12 86 26
43 73 51
29 61 30
69 63 36
46 9 76
4 11 92
54 98 65
24 51 21
30 82 56
40 13 42
17 5 32
70 41 1
0 19 61
11 61 90
42 97 22
54 41 100
28 72 83
37 3 78
10 7 80
48 32 83
56 57 46
24 1 89
42 76 85
38 25 100
95 37 64
23 22 91
21 7 39
34 28 88
40 99 67
79 35 100
6 85 62
99 29 90
3 95 59
12 63 47
70 63 29
23 29 58
6 78 38
17 44 84
43 33 32
9 32 33
51 95 27
77 73 27
55 34 47
33 90 27
92 16 47
83 45 94
43 21 91
34 78 54
98 38 85
72 55 56
53 83 63
41 34 48
89 6 84
28 43 32
98 37 55
5 95 100
31 81 80
89 18 92
40 58 19
33 54 31
22 26 54
39 59 29
82 98 37
37 66 89
7 73 11
9 58 74
53 12 79
71 75 46
99 66 14
34 33 49
79 26 22
18 12 32
4 26 85
96 74 43
9 39 29
34 80 6
1 92 81
92 93 36
85 20 7
17 98 21
92 20 68
71 17 51
99 1 54
3 80 11
62 52 3
0 43 52
66 32 1
52 11 89
21 27 39
78 36 11
89 44 64
47 85 40
43 65 18
8 60 70
56 53 67
13 31 51
46 5 58
81 50 68
95 28 22
88 25 87
49 55 57
3 14 4
49 58 5
18 4 48
56 92 85
52 75 47
18 49 5
38 15 71
11 71 38
88 96 17
46 91 68
3 19 81
61 10 99
20 51 8
94 14 77
46 47 75
95 7 74
96 17 51
14 93 88
33 18 27
44 94 27
90 88 30
88 32 40
82 34 52
0 48 16
46 42 51
16 82 80
86 18 25
75 18 16
40 68 30
75 97 73
99 86 40
57 90 59
82 29 38
82 97 24
99 77 42
14 36 16
3 72 18
78 42 18
57 60 15
83 15 58
29 63 95
91 5 24
30 54 96
78 75 48
11 35 79
13 86 94
78 8 63
53 32 12
17 37 3
42 99 27
54 12 14
34 91 70
34 15 91
46 58 70
54 24 32
59 88 1
14 91 60
33 53 78
6 31 81
98 20 56
15 73 3
39 40 78
21 62 52
91 59 66
51 75 28
70 22 67
51 8 85
72 88 29
61 70 99
90 28 50
88 40 23
1 35 2
41 10 76
94 85 67
62 94 20
90 75 29
54 71 42
48 71 96
5 43 28
67 7 64
61 59 57
10 62 87
68 82 18
44 78 44
64 40 84
19 12 21
31 38 97
59 85 37
25 52 92
49 12 59
3 45 42
59 95 43
48 57 47
60 33 66
69 86 68
12 28 63
88 95 36
16 50 98
58 36 64
62 33 61
54 99 77
66 43 27
78 40 70
95 11 63
22 35 66
12 92 39
1 32 12
24 97 67
44 9 66
47 42 69
80 36 22
57 15 4
10 4 27
70 58 100
62 56 63
78 38 73
92 59 89
52 8 81
52 72 66
48 39 94
22 93 60
64 98 66
97 28 46
39 69 37
12 33 59
90 8 44
61 15 13
37 20 92
21 92 95
68 30 60
67 60 77
69 24 21
10 56 93
61 3 59
38 58 99
54 77 48
31 71 57
48 34 84
15 25 66
67 83 32
49 70 87
72 80 88
49 51 95
34 84 7
95 76 91
72 11 99
78 12 21
13 23 56
95 43 31
46 17 16
19 13 46
14 44 27
61 27 65
55 87 33
0 27 36
16 55 4
96 95 70
90 77 44
77 20 87
85 34 41
23 70 14
50 34 23
50 23 82
60 48 56
70 80 33
3 69 10
47 79 15
43 68 65
8 82 61
63 87 99
48 51 17
62 44 30
63 9 3
28 6 34
26 90 68
24 87 61
96 93 24
4 64 77
66 82 40
72 33 74
43 44 6
4 67 15
16 0 8
89 24 60
26 85 32
11 18 72
25 3 11
11 58 50
63 5 71
4 58 22
80 33 77
27 41 31
37 97 67
98 86 21
56 40 19
45 4 10
95 83 26
73 27 42
67 53 29
52 94 55
52 56 49
21 37 51
37 11 99
38 34 79
53 57 2
35 53 98
5 93 8
78 10 38
20 18 48
37 72 24
74 68 86
60 55 72
41 83 11
78 54 57
11 87 92
39 20 34
91 74 48
1 52 30
76 92 5
38 61 88
55 8 87
80 39 7
47 84 34
14 45 56
98 46 44
56 24 2
27 23 96
24 94 84
88 87 8
3 18 63
33 93 59
10 23 28
42 39 33
13 27 13
25 43 90
52 96 35
0 4 28
29 58 44
14 39 97
85 87 17
65 45 67
95 27 42
8 29 7
96 34 68
80 91 85
51 59 7
84 4 63
41 49 65
67 95 2
32 31 43
24 48 71
36 93 79
70 4 57
21 10 26
78 61 12
17 22 17
34 7 60
61 66 88
6 29 50
82 43 46
76 46 71
95 39 16
47 14 10
7 76 82
75 80 88
28 53 9
48 59 84
16 95 42
85 58 94
58 0 54
13 97 96
59 86 49
85 70 40
12 2 37
76 4 99
51 47 14
33 0 6
33 55 24
25 87 33
97 99 63
30 78 49
56 8 22
75 83 99
66 44 65
29 27 79
39 74 26
3 10 90
27 91 83
72 35 75
18 68 64
20 35 24
94 65 58
1 40 37
27 53 2
46 60 17
22 65 96
22 28 59
51 56 87
65 64 98
94 61 90
81 76 32
84 33 96
85 5 13
47 60 28
25 80 1
14 77 38
67 86 57
25 75 95
91 42 53
30 53 90
67 9 38
0 52 15
87 68 79
6 24 50
80 45 77
35 92 60
17 28 86
44 29 33
55 35 59
50 96 97
26 83 57
18 27 92
20 38 38
50 90 95
52 9 42
71 99 54
7 38 59
21 88 21
6 42 74
50 80 4
25 13 79
4 22 69
37 58 61
20 86 45
99 45 69
64 3 26
84 63 2
26 24 38
9 31 79
43 97 71
83 57 93
84 73 30
23 53 26
4 15 29
71 58 93
54 73 94
41 55 80
6 58 11
6 96 80
44 70 84
78 39 70
84 23 72
14 95 29
80 69 17
24 30 16
85 40 70
73 1 44
98 95 57
97 92 98
86 72 100
38 13 99
6 1 64
39 99 96
22 18 27
44 12 44
4 82 86
41 48 23
60 64 14
20 60 31
4 20 15
23 64 95
26 18 80
18 69 29
37 81 53
68 55 80
7 2 55
3 8 72
58 80 54
83 90 14
37 74 53
24 4 34
37 67 70
11 42 18
8 91 66
41 96 56
0 85 85
39 71 45
19 94 63
92 43 95
56 39 97
8 26 20
69 43 79
79 91 38
6 51 100
10 99 83
53 70 57
46 56 80
40 44 13
91 9 78
32 37 63
57 18 25
47 54 95
23 30 5
55 10 66
85 95 51
98 11 19
74 28 27
88 85 77
47 86 21
85 81 3
8 9 28
26 50 82
96 76 45
69 27 40
65 77 73
40 65 46
12 24 98
17 25 51
2 5 74
27 14 31
8 68 17
21 26 5
39 8 10
60 15 60
7 64 56
57 23 34
35 82 98
99 62 47
7 66 6
24 42 69
12 91 66
31 41 68
63 82 52
87 45 87
81 6 54
63 60 46
39 13 76
87 15 94
53 10 19
24 50 94
85 1 93
60 1 48
39 83 20
5 23 2
35 3 95
91 86 81
90 42 43
39 38 77
42 5 99
37 93 74
0 21 28
73 16 18
71 20 85
53 76 28
4 29 76
13 26 18
39 82 51
55 90 92
5 78 84
90 37 29
81 3 14
50 92 36
75 8 13
54 15 62
0 18 18
78 66 48
97 38 66
30 59 78
30 86 12
34 75 51
1 29 62
56 64 75
93 3 49
39 85 30
39 10 17
82 37 95
46 52 68
45 51 86
38 24 4
48 2 68
6 13 88
21 32 60
88 9 72
73 32 14
98 10 88
34 98 66
93 57 79
70 73 37
85 54 23
75 91 51
21 78 74
79 63 91
96 32 41
48 21 97
72 71 54
15 97 1
13 18 72
14 31 61
7 17 83
98 96 81
6 74 94
62 90 72
71 15 34
49 24 32
41 92 89
93 47 91
10 25 60
73 0 35
65 73 62
36 94 92
29 0 37
91 84 20
75 96 84
59 6 81
64 54 18
48 70 96
67 61 97
0 63 70
14 32 11
28 84 60
83 18 94
28 25 60
76 56 21
14 10 38
42 40 72
75 32 30
90 31 11
19 49 77
58 62 97
7 77 5
56 21 17
67 49 32
91 50 46
41 87 4
93 42 80
10 74 69
92 99 5
33 29 60
83 10 77
16 27 1
25 54 91
71 66 35
50 56 44
57 58 78
99 48 86
56 77 34
7 50 17
96 23 2
19 42 70
80 68 85
62 20 98
62 60 27
31 8 52
27 26 35
86 14 36
31 57 64
92 15 71
71 8 73
9 7 100
75 94 35
71 95 80
70 81 90
59 44 79
5 56 14
80 37 77
42 45 73
85 30 70
63 43 27
2 45 59
15 3 47
14 70 9
2 75 73
32 22 96
22 99 11
65 4 16
36 62 70
48 5 54
22 21 23
81 46 38
91 2 8
55 25 85
90 89 2
8 49 35
5 28 39
41 19 89
88 47 93
60 87 22
83 36 62
45 25 66
8 47 43
49 64 34
87 92 5
13 85 54
34 79 4
11 56 65
15 56 61
22 84 15
50 59 1
0 96 27
39 45 7
71 36 50
8 11 16
48 42 37
96 46 79
63 21 53
26 80 46
18 47 51
92 36 20
80 63 67
23 4 32
58 61 43
39 25 99
30 8 28
53 66 24
93 66 29
98 94 17
72 23 52
22 0 85
16 11 4
47 73 15
22 25 98
96 20 92
79 36 15
2 88 13
46 64 15
11 63 96
37 34 21
75 67 74
22 39 14
0 68 76
26 23 33
40 80 28
19 93 78
60 90 69
43 34 66
15 35 95
33 30 33
28 73 79
59 70 63
62 66 68
55 81 45
30 32 5
1 83 29
0 65 34
94 96 52
99 88 1
1 48 10
31 70 83
56 97 48
10 93 10
21 46 8
53 92 47
76 62 7
94 1 6
87 75 87
55 12 71
47 16 72
66 1 92
72 92 59
1 36 24
79 29 21
2 36 15
7 39 66
30 27 37
91 54 12
58 66 22
60 86 58
14 37 84
17 47 100
28 3 85
33 22 85
25 24 2
50 30 82
4 49 41
58 51 80
36 30 64
18 19 45
52 22 98
41 16 18
86 82 22
94 69 27
76 48 38
61 63 61
82 90 80
87 39 15
30 45 9
71 47 57
20 84 40
2 9 100
69 76 45
58 34 12
42 68 26
82 74 55
59 8 56
96 82 45
46 8 61
59 71 74
92 10 21
43 38 46
76 2 85
43 64 11
16 87 88
60 52 28
42 77 31
20 61 6
27 43 83
41 88 13
78 85 45
39 79 74
26 92 73
98 33 18
40 31 17
90 15 67
59 72 52
5 88 92
20 64 85
21 5 64
45 37 47
60 43 22
19 21 30
63 33 92
66 77 59
44 74 53
89 65 6
47 33 26
25 33 54
79 72 59
19 97 13
55 28 29
52 54 58
96 9 83
38 50 48
31 58 68
74 36 83
57 2 45
16 81 40
22 12 100
64 84 91
26 19 32
11 17 52
45 44 34
46 73 27
88 23 26
15 36 67
88 29 32
18 53 8
62 38 29
85 28 55
85 19 97
48 23 28
89 73 15
82 6 11
74 53 20
51 36 20
66 54 72
50 49 42
44 88 60
18 76 63
39 31 23
14 30 86
70 28 55
29 9 67
38 72 31
98 93 54
77 63 51
3 65 28
2 38 70
99 70 16
12 38 18
3 7 38
27 36 99
1 10 14
14 96 50
42 74 2
91 94 57
18 15 19
43 18 3
55 44 57
49 38 95
23 34 28
38 36 35
13 45 92
64 19 13
79 0 52
89 68 34
1 64 76
12 36 75
79 66 4
93 56 69
64 55 78
44 35 55
13 11 100
86 54 44
81 8 91
80 98 100
1 57 98
99 61 89
4 97 71
7 61 85
10 49 71
26 96 81
88 48 1
89 7 50
17 21 36
4 78 86
95 6 40
41 32 66
18 52 85
93 77 44
95 94 1
16 44 16
28 45 68
73 35 64
38 56 7
61 74 81
64 35 62
3 17 2
22 9 68
98 41 71
64 63 41
52 70 74
28 96 46
33 7 6
38 81 8
40 73 67
97 18 44
52 91 10
57 71 91
71 38 48
23 7 80
55 2 29
45 53 86
12 71 50
76 33 43
50 40 86
10 68 9
8 62 24
12 37 15
25 32 36
34 9 89
74 85 69
54 17 24
20 16 100
70 98 91
46 0 67
66 17 99
62 28 11
4 63 70
11 99 47
69 8 70
83 3 4
40 17 64
94 32 35
37 73 72
15 32 45
28 91 90
39 4 21
88 16 15
8 97 42
48 47 47
82 92 55
85 4 40
97 73 51
38 33 80
90 65 36
7 13 79
59 33 33
37 89 51
92 11 19
42 72 13
79 32 74
64 6 83
29 46 69
21 80 68
28 4 57
41 60 15
93 43 84
71 45 93
64 22 3
0 37 59
72 60 73
11 62 13
79 75 9
88 63 84
93 65 74
82 60 78
38 94 87
20 99 97
16 70 5
21 55 90
88 18 77
42 26 92
13 33 50
18 37 78
81 53 88
67 87 73
72 14 12
96 47 87
84 55 68
79 89 81
85 68 2
72 44 51
6 47 39
30 7 60
46 20 42
15 7 54
51 17 58
37 88 78
14 25 86
91 71 45
54 31 44
64 90 3
48 18 60
75 28 2
39 11 28
75 23 20
97 84 67
68 35 56
20 44 61
40 54 12
36 72 47
9 83 58
32 78 35
88 83 84
41 12 50
92 3 52
88 6 60
53 97 76
73 52 1
37 1 57
67 85 100
39 18 3
1 80 68
64 78 2
8 85 85
27 76 47
21 72 2
21 2 21
76 71 29
4 93 80
91 57 45
90 27 51
69 50 41
65 35 67
42 89 76
6 53 94
60 93 66
21 6 90
76 50 54
26 54 73
71 3 42
2 68 75
10 5 49
92 4 6
2 10 71
99 6 71
51 11 75
15 26 93
97 20 59
41 17 26
96 70 3
81 52 26
41 90 58
99 87 92
31 64 22
3 22 29
57 49 8
72 34 3
65 54 37
99 44 76
15 46 75
80 16 16
17 31 62
12 23 91
72 81 56
72 73 92
30 35 21
37 42 63
27 54 45
91 44 39
64 95 27
81 62 17
4 17 21
93 91 76
63 90 20
89 56 86
86 31 68
84 77 43
37 13 53
35 63 100
88 66 6
59 9 51
10 28 77
27 31 8
0 62 5
71 43 25
77 55 57
62 35 30
43 50 8
46 12 100
61 12 87
4 91 94
35 85 32
12 87 49
82 73 8
50 42 97
15 14 74
67 52 36
70 47 19
43 62 19
46 94 98
90 91 22
88 54 1
4 53 88
28 0 36
32 47 47
85 57 21
53 60 15
25 26 15
10 79 96
16 40 20
97 61 35
45 1 10
80 31 59
7 82 86
34 69 7
71 78 35
75 59 65
84 36 44
72 46 30
46 89 61
86 97 58
22 97 51
69 66 6
57 30 23
92 96 75
67 93 7
1 39 37
88 34 81
96 67 20
66 12 68
86 73 12
86 41 96
52 28 18
24 72 28
41 18 75
1 65 16
22 1 28
41 8 43
58 72 53
67 16 40
44 23 36
5 60 36
53 99 46
38 89 23
14 62 12
58 14 51
10 75 29
22 96 6
70 64 6
59 14 5
82 46 23
52 80 53
7 19 77
66 3 60
81 61 24
48 95 83
38 14 8
53 84 7
93 58 77
32 38 35
28 41 89
19 57 20
28 31 48
75 17 74
8 84 44
81 58 28
10 57 26
57 38 52
86 81 50
11 67 4
99 32 14
21 36 3
40 52 72
62 34 59
34 70 22
96 81 47
9 85 89
36 96 90
46 54 24
75 54 58
97 91 87
92 6 16
59 47 48
69 22 85
14 64 100
80 41 46
67 32 10
26 67 30
99 16 36
50 32 76
76 1 2
58 83 47
64 79 4
79 43 42
10 6 16
59 63 93
8 24 36
43 86 80
23 51 61
72 45 21
68 72 82
56 16 37
59 83 85
17 32 25
69 1 51
0 20 86
57 69 90
79 49 41
79 57 48
26 38 38
91 89 7
64 85 58
17 57 86
70 13 49
27 52 58
98 27 60
61 28 72
58 53 93
63 49 10
90 30 54
71 82 60
84 46 66
30 19 72
95 21 53
63 20 7
46 7 13
0 59 96
0 5 75
36 9 85
84 17 99
23 52 87
86 84 57
92 90 96
4 89 54
71 46 43
29 16 16
77 88 71
47 97 33
18 46 87
95 40 55
4 56 14
12 16 46
80 18 96
42 61 2
11 43 44
37 33 91
12 35 63
16 94 36
60 27 80
1 79 62
51 3 62
69 62 17
17 29 23
67 27 73
74 70 12
10 42 16
34 90 88
95 22 34
52 55 20
87 37 6
90 3 17
94 7 50
81 23 26
12 73 87
9 79 85
49 76 15
40 86 44
97 69 16
2 72 29
30 43 9
35 21 36
83 69 26
10 65 61
74 40 38
46 13 99
69 31 38
18 63 45
98 58 72
0 78 73
27 88 56
35 91 65
42 65 37
98 83 7
67 79 71
66 31 90
59 42 84
72 48 84
34 2 89
48 40 100
22 14 82
3 97 10
59 69 67
66 91 21
93 90 14
2 13 89
57 92 63
68 25 1
22 20 37
87 48 30
42 62 33
68 13 43
79 24 94
74 31 87
57 64 14
42 70 30
41 47 2
79 44 79
62 61 15
66 46 75
85 62 93
44 98 7
96 19 89
3 73 19
56 94 89
97 21 96
70 62 37
2 15 35
78 79 40
9 97 56
82 95 14
47 91 54
70 38 12
69 10 30
40 19 67
23 90 13
65 98 52
4 14 56
87 27 97
98 32 76
25 18 97
15 5 56
85 7 89
91 40 74
76 16 48
12 96 10
30 11 17
94 35 21
94 41 65
29 37 29
88 53 8
71 6 68
24 99 56
12 72 98
26 64 86
86 58 70
6 66 45
75 7 14
4 66 35
64 25 88
88 69 30
54 9 17
27 68 56
61 4 63
24 11 100
61 53 78
77 25 6
10 64 61
14 98 83
2 59 42
74 71 12
1 19 17
48 86 53
78 35 93
2 69 7
57 84 69
42 7 18
39 52 92
67 81 53
34 31 15
3 32 15
54 4 63
6 75 90
31 45 25
55 92 81
85 29 46
53 72 1
67 91 79
66 18 59
34 61 28
76 41 52
30 94 50
29 68 28
31 87 38
33 58 18
17 1 65
44 3 12
68 46 77
73 18 51
91 16 73
87 70 10
15 51 15
42 84 93
72 26 8
27 55 3
70 92 84
51 57 87
41 91 8
21 77 86
67 64 6
69 56 26
11 48 82
73 19 54
72 13 1
34 8 15
36 52 58
52 78 71
59 32 15
59 12 1
12 57 76
82 99 16
57 78 85
9 72 7
95 55 71
76 43 55
11 32 6
26 11 44
30 31 13
91 48 47
23 78 86
54 97 25
26 95 64
83 79 90
71 50 63
88 58 93
74 18 87
16 43 70
21 96 51
39 12 77
46 90 88
78 49 23
14 7 31
61 0 90
49 2 98
93 7 22
22 61 78
41 74 81
83 0 31
19 9 90
48 6 80
5 50 75
69 37 61
55 48 16
89 61 8
73 91 89
36 77 65
32 80 7
42 35 26
68 99 80
48 26 29
85 53 2
65 18 1
42 25 67
54 49 9
66 92 10
53 39 97
60 68 76
87 79 43
27 59 90
94 6 2
18 51 29
17 73 100
91 78 98
19 89 29
97 46 22
46 39 1
54 90 47
84 16 31
6 41 71
32 61 6
53 9 13
79 98 9
57 72 18
32 60 17
61 90 54
40 53 16
36 67 86
43 45 33
56 18 33
71 81 20
60 22 51
44 46 100
85 15 69
82 32 4
86 96 21
19 50 58
32 71 92
93 24 77
90 45 82
77 98 99
53 19 92
99 57 19
0 86 26
23 68 86
88 94 82
89 62 85
14 71 34
26 20 54
91 62 10
72 54 36
19 54 24
53 21 31
85 72 91
41 21 76
16 45 7
48 33 5
56 75 24
88 79 56
78 41 19
68 96 6
21 25 78
89 69 32
35 74 68
89 43 77
44 58 90
73 9 80
59 16 3
2 54 43
71 5 56
97 74 36
59 17 12
78 77 65
13 93 17
75 55 67
45 21 20
67 48 45
40 97 32
49 52 30
37 30 32
66 83 36
45 26 97
31 65 14
60 95 79
18 38 64
64 21 29
55 0 45
64 68 68
16 89 96
39 65 69
39 36 16
99 89 91
74 89 60
81 9 82
19 60 24
89 80 84
94 17 86
92 29 46
4 35 43
48 35 19
28 66 13
7 51 50
19 74 61
33 32 79
25 67 1
23 0 13
90 18 72
99 84 65
63 55 70
22 10 60
53 47 56
23 66 16
31 93 47
7 86 67
21 69 79
27 37 27
82 5 79
45 6 86
31 96 3
2 62 1
98 42 33
36 75 72
27 2 42
22 47 52
80 4 82
35 57 31
68 31 6
62 25 23
22 50 92
72 56 92
83 37 44
61 8 9
9 68 41
15 78 34
3 94 84
30 63 38
81 5 17
2 37 66
57 16 44
52 88 40
44 86 3
75 95 9
45 92 90
26 91 80
9 37 68
34 53 53
28 49 95
55 71 45
89 1 26
43 23 41
72 95 60
88 76 96
89 48 74
0 7 72
51 63 90
44 69 3
87 91 34
31 78 96
23 76 81
97 63 57
29 38 16
13 21 40
9 74 72
64 30 67
98 47 44
32 44 66
69 23 5
64 89 86
2 60 15
74 2 78
7 69 38
64 15 2
94 43 95
8 28 62
97 2 8
8 15 35
69 33 33
76 63 6
25 9 9
29 54 70
33 64 17
80 84 9
97 58 20
87 32 98
12 77 79
18 98 57
48 46 40
59 11 40
66 20 75
63 85 78
76 13 76
85 16 16
15 24 82
67 34 45
74 38 54
33 44 52
44 10 25
40 32 52
29 15 2
27 33 10
22 72 71
25 27 26
92 47 95
12 1 73
12 60 53
81 73 100
19 66 36
10 66 12
88 50 37
76 66 34
42 83 65
16 53 34
53 0 94
54 61 20
16 19 64
95 38 60
36 55 90
30 92 65
56 3 20
48 69 58
6 56 98
0 11 75
58 1 93
93 69 69
24 59 24
47 78 16
30 77 55
69 30 4
86 51 97
36 81 43
5 26 47
7 40 49
70 57 81
61 79 68
22 31 10
29 14 43
51 67 54
44 60 46
97 85 46
40 27 26
10 35 85
31 63 52
87 29 33
38 99 99
14 51 99
44 27 18
26 7 96
49 94 94
40 41 96
57 24 6
62 23 25
90 21 91
84 25 34
86 45 36
76 35 51
42 81 83
84 37 11
66 11 3
16 36 61
53 79 69
66 24 39
21 24 76
13 42 28
92 58 13
40 12 24
42 17 21
41 46 26
80 88 34
63 93 65
29 86 88
60 51 6
5 66 99
91 21 22
80 60 24
22 7 32
0 72 51
85 84 93
31 7 23
64 66 46
92 31 88
18 1 71
35 69 43
36 59 15
85 75 53
60 56 52
62 15 43
30 48 9
27 74 54
80 95 84
57 52 71
45 79 82
70 95 45
54 22 44
14 18 42
44 36 8
44 7 39
83 30 63
87 52 25
26 16 44
14 90 92
46 11 93
90 0 56
61 55 17
9 15 23
20 55 8
42 9 94
72 63 26
13 12 31
55 54 52
51 1 52
43 77 32
53 87 45
22 34 42
87 6 61
26 32 97
38 73 90
86 9 22
32 86 89
24 60 20
78 33 62
95 17 57
66 70 64
51 94 1
90 80 54
95 92 14
68 83 80
89 49 98
98 90 59
62 32 24
52 79 73
34 11 93
25 31 49
69 71 44
58 35 40
9 78 83
5 90 30
92 5 97
41 75 50
87 98 91
98 53 31
93 94 98
88 1 96
18 61 90
39 73 99
90 85 77
73 14 71
73 63 57
64 16 29
20 9 41
83 24 35
67 8 94
90 12 63
99 74 3
41 44 39
56 65 92
41 58 10
89 25 99
73 61 12
10 71 40
17 12 28
28 42 24
97 0 7
62 86 14
67 59 12
1 46 83
83 63 60
92 39 75
30 95 92
51 0 29
97 80 42
15 33 87
40 92 18
20 30 36
24 35 67
44 48 35
76 78 14
35 28 78
83 47 97
72 97 88
9 21 98
19 56 13
87 69 92
83 64 19
6 0 92
95 61 63
60 89 28
33 85 49
16 90 58
94 74 75
87 23 43
0 88 80
23 24 93
23 60 86
85 52 21
19 75 67
6 83 34
12 89 85
98 19 8
44 63 86
8 98 9
5 49 22
68 47 33
43 56 16
99 36 99
90 96 65
7 25 16
69 73 46
78 87 70
90 71 33
55 32 10
49 81 32
32 58 16
80 47 38
16 60 86
62 9 83
82 54 43
96 13 19
36 41 31
58 73 90
14 26 21
29 56 85
87 80 63
79 97 83
79 22 93
27 86 61
63 65 94
24 73 6
26 39 8
65 29 61
78 96 30
65 6 73
3 41 19
65 66 48
78 1 39
10 19 99
45 78 82
65 87 46
53 91 75
90 74 10
11 70 92
15 98 18
12 79 57
7 28 43
83 5 53
95 53 13
89 9 68
30 80 20
96 59 1
13 89 42
25 60 85
23 39 96
56 68 70
95 57 49
94 76 80
24 70 70
82 81 15
13 62 9
92 9 25
30 42 11
36 87 97
99 4 19
18 94 24
57 66 57
45 67 42
47 76 29
74 57 69
92 75 65
40 18 90
75 53 25
9 41 66
1 70 27
69 46 95
34 64 11
92 46 4
58 5 63
54 37 56
57 40 87
93 52 74
23 89 48
45 15 94
35 88 74
11 69 7
68 15 44
50 0 58
37 4 49
20 58 79
95 56 75
87 74 30
28 36 11
62 19 67
2 3 10
11 21 21
44 64 19
36 54 21
62 1 88
67 17 24
8 80 44
50 77 48
41 85 30
4 57 50
54 83 63
50 54 77
94 80 90
66 30 84
80 7 82
50 1 75
31 79 8
80 56 15
68 6 24
26 0 49
41 51 78
38 41 35
71 44 57
36 60 5
82 59 88
64 69 2
76 87 61
20 54 54
20 53 9
38 83 63
57 14 25
64 75 53
60 34 8
89 71 12
19 22 36
38 75 48
27 45 99
91 6 53
6 61 4
28 59 91
86 8 53
66 72 89
74 55 49
65 59 31
91 24 71
7 97 37
28 78 96
76 55 63
76 38 70
21 14 71
22 92 77
10 77 98
44 26 83
64 29 27
80 35 76
35 97 21
21 52 16
84 89 72
7 43 95
31 44 28
43 14 78
53 42 53
57 13 91
40 89 76
33 49 94
98 40 82
49 82 43
57 39 47
92 84 66
89 93 38
92 77 28
90 10 31
60 9 46
94 73 55
4 21 1
92 98 32
98 66 47
32 20 48
64 2 24
70 94 67
2 53 40
81 29 7
15 0 18
55 6 33
8 77 10
49 97 62
84 68 100
14 85 55
6 76 7
6 70 26
99 78 54
40 66 22
92 51 35
14 6 76
34 36 35
62 51 64
28 54 59
84 27 41
20 49 35
24 31 58
16 74 53
56 90 81
7 32 26
42 67 10
49 29 65
44 61 72
34 54 26
87 22 46
72 69 21
57 22 8
81 41 63
15 94 95
82 58 86
10 18 56
26 69 79
57 7 37
88 67 23
34 45 35
24 90 92
69 47 33
12 26 44
56 31 95
10 46 45
68 69 24
18 60 52
77 60 84
19 72 10
29 32 5
34 13 63
29 69 89
73 98 89
49 47 91
85 44 18
77 29 11
30 34 76
73 50 47
87 9 91
17 8 55
24 7 27
52 38 25
65 99 6
26 35 26
98 25 55
93 62 5
97 65 21
23 32 45
77 75 37
94 55 38
48 78 66
55 78 1
96 84 76
68 71 15
16 51 100
99 98 66
66 86 1
30 41 34
40 38 43
12 25 48
30 22 97
53 54 46
47 20 88
79 76 6
81 1 92
12 97 4
20 52 43
55 4 14
93 28 10
59 97 29
58 50 85
61 80 50
26 58 68
76 99 94
98 36 77
91 29 11
45 10 100
93 75 54
62 87 66
82 47 40
21 8 59
22 43 47
73 8 4
5 84 38
13 88 17
55 43 21
23 9 63
76 89 2
50 41 99
33 88 82
77 62 5
57 5 73
79 59 45
34 18 59
60 35 98
32 93 66
65 95 29
58 8 8
92 60 32
80 24 35
49 13 18
99 59 70
88 10 20
40 25 27
56 33 68
63 26 61
40 71 86
94 28 27
84 43 68
87 71 15
48 16 23
2 90 21
68 39 71
29 40 75
16 42 12
16 66 3
7 12 88
86 38 57
41 59 98
64 48 90
90 22 84
5 38 19
73 48 46
51 74 72
76 60 76
63 46 36
76 44 25
51 21 82
53 31 34
14 80 15
26 31 76
32 77 44
4 7 90
89 35 3
46 85 82
48 98 18
82 84 28
91 20 76
30 72 43
3 12 6
20 5 13
61 41 4
96 71 23
5 77 69
17 24 64
87 0 13
72 6 29
61 64 98
10 59 47
34 66 94
15 39 44
75 72 54
13 41 81
25 71 41
67 13 82
9 28 52
5 31 71
24 71 93
73 13 28
72 1 30
17 18 22
54 56 98
40 55 2
15 42 92
93 25 11
36 68 41
78 69 84
34 77 86
22 48 42
79 95 53
12 20 32
0 3 5
34 27 77
30 44 58
0 39 34
68 97 98
5 55 1
11 45 14
18 93 15
23 38 93
85 11 73
47 58 81
54 94 64
7 5 19
40 20 67
30 91 68
96 60 17
78 2 84
85 10 41
35 95 23
91 95 38
88 30 9
87 17 95
80 82 79
63 40 42
94 12 60
17 86 59
84 66 6
85 86 10
3 23 49
56 84 6
50 36 89
23 19 94
38 21 20
58 68 23
47 19 18
11 9 51
83 35 31
14 12 19
71 7 43
60 29 97
15 53 40
7 83 43
61 86 78
66 74 25
58 74 63
68 67 42
82 65 3
81 80 20
88 49 12
8 23 79
37 59 77
46 40 36
37 28 100
72 8 43
12 85 86
37 76 46
71 19 64
48 90 96
99 96 83
93 41 14
13 81 66
87 57 32
67 40 49
64 47 90
36 19 67
21 3 58
13 61 68
67 10 96
47 3 64
51 69 6
86 94 17
35 51 99
6 46 93
51 31 72
79 25 6
29 66 87
25 69 61
33 2 76
79 86 42
53 29 39
39 66 27
63 7 21
14 2 58
67 18 83
44 1 38
40 90 92
34 68 14
7 47 5
80 0 52
51 52 84
0 24 36
44 54 99
75 73 70
33 82 6
32 5 35
29 34 92
78 68 48
68 52 36
37 22 100
75 42 81
70 60 12
21 74 35
37 25 85
79 30 23
50 68 70
72 82 4
25 86 20
18 87 3
63 96 43
13 24 38
60 10 11
31 48 45
79 15 27
14 89 55
60 3 54
77 1 84
7 49 18
51 84 97
47 43 92
43 6 75
15 81 16
67 54 88
49 34 2
77 49 34
52 77 91
11 5 25
47 62 35
24 45 18
77 53 92
66 22 59
51 38 28
29 89 12
64 0 24
49 69 4
10 36 40
25 51 1
76 70 44
7 81 18
43 75 20
62 27 83
94 81 91
56 59 85
17 97 30
78 86 58
31 33 84
56 98 47
57 43 96
36 65 26
79 48 60
29 62 25
23 93 46
98 68 58
24 74 35
95 63 55
99 9 91
87 89 88
32 18 42
68 20 55
15 72 21
42 54 25
60 30 97
19 35 8
77 28 87
72 78 7
40 94 54
38 90 65
78 37 33
39 70 27
51 64 92
76 32 45
43 54 39
5 6 56
79 65 75
77 38 3
84 6 84
82 56 73
74 17 15
23 14 33
79 19 2
30 71 74
12 10 39
10 15 95
46 38 77
12 5 52
85 93 6
61 19 21
75 49 74
3 9 91
70 5 5
9 24 86
83 86 73
52 90 92
95 36 59
30 61 3
42 3 13
72 25 93
53 22 29
89 72 94
58 27 74
96 80 39
95 81 8
55 37 14
1 59 39
95 78 97
51 19 40
30 75 79
94 34 97
58 17 28
79 85 97
76 11 15
63 67 90
10 0 3
2 28 26
0 9 64
14 87 78
40 47 36
55 91 67
39 89 71
49 83 90
69 12 81
28 71 67
8 64 76
86 39 34
9 94 62
99 12 13
94 33 71
94 82 100
39 44 76
33 35 93
77 96 45
14 68 98
74 59 38
70 79 99
69 92 31
49 40 36
52 59 22
84 83 38
55 45 100
72 29 10
45 12 39
92 89 26
66 49 31
21 34 79
40 33 7
66 45 66
99 69 41
61 36 69
96 16 18
22 73 93
14 33 44
79 99 91
37 53 69
38 28 49
47 89 8
2 50 50
77 48 22
25 29 70
70 7 56
46 62 75
59 90 57
67 21 92
59 18 30
2 82 47
84 93 43
65 57 25
13 63 28
51 55 74
76 45 34
53 94 80
27 65 57
65 12 14
28 24 96
1 86 13
29 55 95
26 75 96
19 28 69
79 8 76
92 52 37
86 89 15
67 14 15
9 45 20
20 14 46
47 23 16
56 42 22
36 88 21
65 74 38
85 66 35
16 17 14
80 55 3
15 13 48
84 15 86
35 52 5
58 87 48
48 9 70
56 12 35
5 87 28
82 52 55
88 46 70
10 9 11
48 13 77
82 70 96
32 56 57
60 84 37
47 5 3
63 17 18
98 35 44
81 34 77
96 33 25
70 88 84
48 93 97
41 65 89
4 50 20
39 27 74
48 66 74
43 51 22
80 15 38
18 45 76
57 47 43
3 87 52
51 96 20
33 89 7
25 65 60
79 42 69
89 28 62
31 21 63
92 37 53
77 94 56
42 34 55
92 80 90
24 52 29
22 94 83
6 62 71
32 6 8
69 38 25
59 3 98
70 86 56
7 41 33
33 70 79
39 72 39
20 24 96
69 6 48
67 39 4
30 89 8
17 85 26
82 53 84
11 27 20
29 51 40
74 7 75
1 34 76
85 55 83
66 89 42
91 1 31
16 72 6
26 71 35
12 80 40
29 83 82
72 70 78
54 39 50
41 37 32
52 99 94
23 55 55
43 61 34
14 0 22
13 79 33
75 24 40
73 26 54
64 13 61
71 93 49
13 53 13
93 9 41
54 6 90
63 2 31
82 42 17
73 56 98
71 73 22
28 99 44
69 0 52
71 52 80
77 37 98
87 2 14
44 87 39
99 41 47
52 44 93
18 16 12
89 11 86
61 9 10
18 64 6
97 95 69
14 52 23
24 92 7
50 46 65
1 54 30
19 69 52
97 39 47
64 38 3
60 81 87
45 94 59
64 5 4
77 81 10
57 46 41
99 95 14
38 9 48
27 12 80
24 41 20
59 31 77
74 25 11
35 13 4
15 82 86
25 56 57
33 86 49
23 18 4
10 72 72
83 96 35
86 2 19
34 3 53
83 99 27
57 9 41
60 71 29
13 9 31
68 86 28
78 90 68
41 82 64
56 2 38
29 35 36
74 75 40
51 89 28
93 44 46
51 91 43
20 76 95
29 3 31
53 49 55
8 89 6
54 96 43
26 88 61
12 47 93
9 80 36
3 88 78
79 81 96
23 17 65
31 61 43
50 57 10
57 82 54
32 46 85
24 2 11
64 17 36
23 79 87
91 37 91
68 38 72
97 64 81
92 18 87
18 42 7
13 98 3
75 86 59
10 70 33
65 16 49
0 76 66
46 33 33
56 81 99
34 92 86
3 68 44
9 14 43
21 87 67
37 52 65
38 84 48
42 73 22
78 74 88
28 18 57
20 87 80
39 49 58
66 36 30
24 64 18
15 11 45
67 77 73
48 81 26
31 99 80
12 81 85
47 63 21
98 67 78
14 55 98
78 82 10
5 1 79
42 14 44
26 56 47
35 46 87
25 66 61
83 31 50
69 85 94
92 94 66
65 88 18
76 83 71
5 18 98
78 11 90
48 63 22
25 90 93
59 98 2
19 31 4
97 1 37
8 12 10
45 41 64
84 31 21
26 89 52
40 72 38
56 71 5
81 88 24
93 17 79
51 61 30
87 13 3
85 77 81
45 7 87
84 2 74
57 20 12
67 76 1
89 3 42
76 61 19
83 43 78
59 94 55
51 83 9
45 32 42
31 50 64
98 29 20
27 17 50
11 25 39
87 33 10
82 38 55
69 91 23
40 60 77
48 83 17
86 76 43
99 5 11
59 19 67
67 47 78
55 86 30
8 13 86
3 86 36
32 42 100
91 77 74
67 92 45
91 68 63
20 50 98
25 83 7
25 57 2
94 2 19
59 93 59
83 74 28
19 99 46
0 56 48
25 81 57
97 81 80
14 24 27
96 66 30
86 63 82
18 96 10
90 36 13
65 75 73
77 2 48
70 32 82
63 39 28
93 86 84
33 5 7
35 43 71
39 50 40
3 26 15
30 51 86
73 92 47
25 34 98
2 93 7
17 53 51
41 72 16
53 24 32
42 63 24
90 7 88
63 52 46
10 50 3
94 66 6
54 70 62
87 77 33
18 81 40
33 73 13
50 78 30
91 11 7
52 97 22
9 64 38
98 72 90
21 94 32
41 11 76
4 86 91
66 55 38
37 51 59
3 46 10
91 49 13
15 69 4
79 68 27
83 11 69
45 8 50
7 53 77
73 60 40
18 78 23
99 94 87
84 29 16
2 20 99
65 86 40
58 75 67
52 7 30
21 73 50
56 7 71
21 83 29
25 73 28
97 29 57
88 38 26
99 72 60
84 26 5
36 17 51
10 38 37
80 83 51
41 84 25
10 48 20
79 4 9
12 32 92
67 74 61
99 93 15
82 76 16
33 66 10
66 14 14
81 99 6
46 36 57
48 62 79
76 10 43
20 6 36
68 88 97
91 88 68
33 17 73
39 28 89
57 62 19
20 65 39
53 38 19
94 84 68
31 35 53
16 21 56
62 78 91
3 98 22
66 90 6
62 97 3
37 50 84
5 72 58
66 35 53
92 68 34
43 78 43
43 37 22
28 67 54
3 5 62
10 95 8
85 56 56
66 68 42
1 71 80
61 21 48
25 70 17
15 75 86
53 96 85
62 49 67
39 88 65
85 92 72
38 11 95
14 75 32
92 42 85
12 9 49
76 5 8
81 84 16
15 93 18
23 74 47
74 62 3
97 70 84
87 72 32
93 55 51
4 8 4
86 52 98
35 23 97
88 4 46
40 70 89
71 2 10
39 29 59
99 8 35
3 54 35
90 81 9
85 71 16
95 54 99
54 51 6
19 82 79
36 63 59
62 50 58
18 31 6
96 85 45
69 98 25
55 26 77
0 99 16
49 68 9
62 5 45
62 37 43
3 11 47
8 66 15
74 46 52
82 13 45
16 69 88
59 29 42
99 56 100
98 4 5
57 34 88
1 11 73
15 70 50
33 11 89
24 29 71
18 99 6
23 77 88
90 47 27
42 44 66
60 69 73
57 81 72
8 14 20
47 95 49
15 44 4
68 90 65
28 63 2
70 93 51
96 57 92
43 3 65
99 58 91
67 24 78
64 71 24
55 31 92
27 50 25
83 73 10
22 83 79
2 66 44
67 20 15
63 56 41
69 9 16
97 88 94
24 81 74
61 50 8
62 40 41
77 61 91
38 3 14
78 3 35
23 59 11
38 59 8
79 93 86
52 66 11
46 16 79
9 84 20
53 25 19
43 96 45
39 60 55
81 83 66
75 45 75
45 98 75
32 64 43
30 55 90
99 30 86
67 1 13
81 98 52
29 78 60
95 24 87
35 59 35
26 59 53
89 36 100
57 59 44
32 89 84
72 47 85
23 99 50
13 95 9
6 25 99
41 77 55
41 42 67
33 9 32
96 56 18
2 85 96
14 78 19
40 28 12
90 58 71
38 80 84
42 27 7
54 32 95
42 64 45
48 54 22
3 67 77
2 31 67
83 71 67
10 96 47
7 20 74
36 33 30
25 59 97
1 96 58
3 84 99
56 74 34
45 20 97
12 4 30
62 80 35
97 94 61
55 1 54
59 7 77
29 31 49
71 42 8
8 10 55
52 13 15
15 91 66
91 17 16
5 14 84
52 2 23
99 47 36
27 49 22
16 6 17
87 61 5
51 40 13
82 20 52
39 35 93
57 80 21
96 15 5
36 73 39
82 61 76
16 33 30
83 46 70
10 89 33
55 47 20
71 21 64
0 17 2
43 90 8
35 38 18
45 61 17
27 80 92
95 9 50
72 74 22
5 96 48
69 81 56
95 87 41
40 96 1
37 65 67
3 1 95
73 74 33
30 98 10
56 9 71
88 93 91
0 66 67
7 79 4
47 35 82
11 77 91
22 16 79
11 82 23
87 8 40
27 51 39
24 27 44
79 96 96
78 26 93
33 71 43
67 99 68
23 42 17
56 41 31
33 26 50
81 74 84
40 24 80
46 49 76
44 90 57
98 52 78
65 5 81
23 31 87
65 8 33
94 29 70
41 71 31
70 84 63
1 95 48
49 23 61
62 88 59
41 67 40
82 51 78
88 86 11
3 33 16
9 27 66
44 50 82
77 82 54
36 11 60
65 70 3
58 3 96
56 17 83
53 3 64
16 9 52
47 15 91
69 58 92
96 89 95
20 29 10
52 4 38
40 10 61
98 24 7
41 39 36
94 68 96
52 50 31
58 96 66
93 1 11
30 81 82
21 85 92
26 76 95
94 4 32
83 77 63
75 50 8
99 43 42
8 1 22
92 38 97
28 32 59
45 82 46
62 3 82
51 68 63
22 59 32
23 1 26
69 42 62
56 27 27
47 81 77
79 60 32
77 35 36
77 3 90
90 11 32
100 1358
0 77 43
0 60 30
0 45 3
0 54 5
0 13 13
0 95 27
0 67 26
0 75 25
0 94 1
0 30 7
0 48 16
0 16 8
0 33 6
0 52 15
0 18 18
0 96 27
0 62 5
0 28 36
0 23 13
0 7 72
0 72 51
0 97 7
0 15 18
0 87 13
0 10 3
0 14 22
0 99 16
0 17 2
1 74 30
1 16 10
1 90 17
1 43 44
1 27 14
1 21 44
1 41 33
1 15 41
1 56 5
1 25 7
1 42 14
1 13 72
1 7 9
1 20 15
1 38 2
1 31 4
1 82 22
1 61 2
1 35 2
1 32 12
1 52 30
1 83 29
1 48 10
1 94 6
1 10 14
1 45 10
1 39 37
1 65 16
1 22 28
1 76 2
1 72 30
1 44 38
1 77 84
1 86 13
1 91 31
1 97 37
1 67 13
1 93 11
1 8 22
2 11 13
2 43 15
2 35 31
2 61 17
2 4 3
2 99 13
2 58 24
2 81 22
2 29 20
2 95 9
2 98 20
2 19 16
2 96 9
2 23 35
2 83 24
2 41 20
2 12 37
2 91 8
2 88 13
2 36 15
2 55 29
2 21 21
2 72 29
2 69 7
2 62 1
2 60 15
2 74 78
2 97 8
2 3 10
2 64 24
2 90 21
2 28 26
2 87 14
2 86 19
2 24 11
2 94 19
2 77 48
2 93 7
2 71 10
2 52 23
3 63 1
3 30 9
3 40 16
3 6 27
3 49 33
3 80 11
3 14 4
3 72 18
3 69 10
3 81 14
3 65 28
3 7 38
3 17 2
3 92 52
3 71 42
3 32 15
3 44 12
3 56 20
3 41 19
3 12 6
3 42 13
3 89 42
3 26 15
3 46 10
3 98 22
3 38 14
4 41 19
4 46 36
4 25 2
4 44 39
4 13 15
4 75 20
4 47 15
4 5 1
4 60 39
4 74 8
4 38 21
4 96 3
4 62 2
4 87 21
4 67 15
4 58 22
4 45 10
4 20 15
4 24 34
4 65 16
4 23 32
4 92 6
4 17 21
4 56 14
4 21 1
4 55 14
4 50 20
4 79 9
4 8 4
4 88 46
4 98 5
5 19 47
5 37 44
5 41 38
5 52 5
5 74 31
5 8 30
5 40 22
5 30 10
5 97 10
5 16 9
5 69 38
5 91 24
5 43 28
5 93 8
5 85 13
5 23 2
5 56 14
5 60 36
5 81 17
5 49 22
5 38 19
5 20 13
5 55 1
5 7 19
5 70 5
5 87 28
5 47 3
5 64 4
5 99 11
5 33 7
5 76 8
6 98 11
6 26 22
6 38 21
6 97 16
6 60 4
6 27 17
6 63 17
6 7 16
6 80 3
6 58 11
6 82 11
6 94 2
6 68 24
6 61 4
6 76 7
6 72 29
6 32 8
7 96 47
7 35 5
7 54 22
7 92 44
7 11 13
7 88 74
7 37 31
7 84 11
7 36 35
7 60 24
7 65 2
7 55 12
7 73 11
7 64 56
7 66 6
7 77 5
7 50 17
7 33 6
7 46 13
7 75 14
7 42 18
7 14 31
7 93 22
7 31 23
7 28 43
7 24 27
7 71 43
7 63 21
7 47 5
7 49 18
7 79 4
8 27 13
8 42 7
8 63 21
8 32 30
8 36 9
8 83 46
8 95 8
8 43 18
8 93 49
8 29 7
8 56 22
8 26 20
8 9 28
8 68 17
8 39 10
8 75 13
8 11 16
8 97 42
8 34 15
8 61 9
8 98 9
8 77 10
8 73 4
8 58 8
8 72 43
8 89 6
8 12 10
8 66 15
8 87 40
9 75 28
9 47 35
9 43 3
9 49 30
9 17 21
9 50 2
9 63 3
9 54 17
9 72 7
9 53 13
9 25 9
9 86 22
9 20 41
9 45 20
9 61 10
9 38 48
9 13 31
9 69 16
9 84 20
9 33 32
10 80 7
10 31 25
10 91 20
10 37 15
10 29 34
10 34 3
10 63 11
10 30 14
10 43 5
10 33 8
10 52 12
10 21 26
10 53 19
10 93 10
10 68 9
10 42 16
10 44 25
10 66 12
10 60 11
10 50 3
10 38 37
10 95 8
11 12 2
11 47 33
11 96 20
11 20 21
11 31 18
11 40 6
11 53 16
11 81 1
11 23 9
11 42 18
11 16 4
11 92 19
11 62 13
11 67 4
11 30 17
11 32 6
11 59 40
11 66 3
11 69 7
11 45 14
11 76 15
11 91 7
12 48 19
12 64 11
12 98 3
12 74 32
12 75 27
12 21 28
12 70 10
12 18 32
12 54 14
12 78 21
12 38 18
12 37 15
12 35 63
12 96 10
12 59 1
12 40 24
12 13 31
12 97 4
12 20 32
12 14 19
12 99 13
12 45 39
12 65 14
13 59 5
13 74 14
13 65 22
13 44 8
13 20 11
13 83 38
13 22 17
13 54 11
13 32 26
13 80 30
13 27 13
13 26 18
13 33 50
13 72 1
13 93 17
13 21 40
13 42 28
13 96 19
13 62 9
13 88 17
13 49 18
13 73 28
13 24 38
13 63 28
13 53 13
13 35 4
13 98 3
13 87 3
13 95 9
13 52 15
14 88 7
14 65 20
14 53 27
14 41 30
14 60 4
14 79 1
14 36 16
14 47 10
14 32 11
14 70 9
14 72 12
14 62 12
14 59 5
14 38 8
14 71 34
14 26 21
14 57 25
14 80 15
14 24 27
14 66 14
15 67 11
15 58 1
15 28 55
15 86 27
15 49 15
15 77 6
15 74 6
15 22 48
15 63 5
15 73 3
15 57 4
15 97 1
15 18 19
15 51 15
15 64 2
15 29 2
15 98 18
15 81 16
15 69 4
15 93 18
15 44 4
15 96 5
16 35 6
16 93 10
16 68 17
16 49 4
16 97 11
16 62 7
16 77 14
16 55 4
16 27 1
16 41 18
16 44 16
16 88 15
16 70 5
16 40 20
16 45 7
16 59 3
16 53 34
16 48 23
16 42 12
16 66 3
16 96 18
16 17 14
16 72 6
16 18 12
17 78 32
17 50 14
17 70 23
17 81 11
17 83 4
17 76 7
17 88 21
17 55 17
17 61 54
17 35 31
17 38 37
17 98 21
17 37 3
17 22 17
17 54 24
17 41 26
17 29 23
17 59 12
17 74 15
17 58 28
17 63 18
17 91 16
18 24 35
18 55 11
18 30 27
18 91 23
18 49 5
18 75 16
18 22 27
18 47 51
18 53 8
18 43 3
18 39 3
18 65 1
18 94 24
18 93 15
18 87 3
18 59 30
18 64 6
18 23 4
18 42 7
18 31 6
19 83 22
19 95 19
19 44 6
19 92 6
19 38 33
19 65 7
19 39 7
19 33 10
19 21 30
19 97 13
19 60 24
19 66 36
19 56 13
19 98 8
19 72 10
19 35 8
19 79 2
19 61 21
19 31 4
20 43 18
20 41 28
20 90 7
20 73 59
20 93 12
20 25 3
20 78 31
20 42 19
20 28 13
20 36 5
20 85 7
20 51 8
20 35 24
20 38 38
20 84 40
20 61 6
20 46 42
20 63 7
20 22 37
20 55 8
20 53 9
20 49 35
20 57 12
20 65 39
20 67 15
20 29 10
21 42 18
21 76 4
21 81 7
21 59 13
21 44 27
21 39 19
21 89 26
21 54 23
21 88 21
21 26 5
21 56 17
21 22 23
21 46 8
21 72 2
21 36 3
21 35 36
21 45 20
21 91 22
21 52 16
21 38 20
22 45 29
22 24 28
22 41 13
22 86 22
22 55 21
22 78 5
22 68 22
22 98 18
22 40 14
22 99 11
22 84 15
22 39 14
22 64 3
22 96 6
22 31 10
22 57 8
22 48 42
23 56 8
23 28 41
23 65 8
23 45 3
23 80 11
23 54 14
23 97 30
23 71 14
23 53 26
23 30 5
23 96 2
23 88 26
23 48 28
23 90 13
23 69 5
23 62 25
23 47 16
23 59 11
24 68 50
24 58 20
24 44 53
24 78 44
24 37 12
24 77 22
24 51 21
24 69 21
24 56 2
24 26 38
24 30 16
24 38 4
24 49 32
24 25 2
24 72 28
24 59 24
24 57 6
24 66 39
24 60 20
24 83 35
24 73 6
24 80 35
24 45 18
24 74 35
24 92 7
24 41 20
24 64 18
24 27 44
24 98 7
25 92 15
25 48 16
25 46 7
25 95 38
25 94 33
25 35 10
25 49 11
25 41 4
25 99 4
25 80 1
25 26 15
25 68 1
25 77 6
25 62 23
25 40 27
25 93 11
25 79 6
25 51 1
25 74 11
25 83 7
25 57 2
25 73 28
25 70 17
26 49 9
26 53 35
26 28 7
26 93 48
26 81 14
26 98 2
26 68 26
26 34 33
26 70 14
26 41 2
26 30 24
26 94 23
26 62 20
26 72 8
26 39 8
26 35 26
26 71 35
26 84 5
27 32 28
27 92 3
27 72 27
27 94 14
27 93 6
27 48 4
27 38 37
27 85 4
27 81 10
27 99 35
27 66 6
27 79 9
27 53 2
27 31 8
27 55 3
27 37 27
27 44 18
27 50 25
27 42 7
28 98 7
28 68 33
28 79 11
28 87 15
28 64 31
28 48 3
28 56 9
28 43 32
28 95 22
28 53 9
28 74 27
28 55 29
28 70 55
28 62 11
28 75 2
28 52 18
28 42 24
28 36 11
28 93 10
28 63 2
28 40 12
29 48 25
29 75 11
29 74 29
29 37 29
29 81 7
29 32 5
29 77 11
29 91 11
29 89 12
29 72 10
29 35 36
30 74 1
30 40 4
30 65 25
30 97 22
30 76 1
30 46 8
30 78 49
30 86 12
30 32 5
30 45 9
30 35 21
30 57 23
30 43 9
30 31 13
30 77 55
30 69 4
30 48 9
30 80 20
30 42 11
30 61 3
30 89 8
30 98 10
31 43 24
31 97 10
31 88 33
31 89 4
31 77 40
31 95 39
31 90 11
31 40 17
31 64 22
31 34 15
31 45 25
31 65 14
31 96 3
31 68 6
31 79 8
31 61 43
31 83 50
31 84 21
32 63 15
32 66 1
32 53 12
32 67 10
32 59 15
32 80 7
32 61 6
32 60 17
32 82 4
32 62 24
33 92 23
33 77 14
33 83 8
33 42 27
33 99 11
33 90 27
33 54 31
33 93 59
33 98 18
33 47 26
33 59 33
33 58 18
33 48 5
33 64 17
33 85 49
33 82 6
33 40 7
33 89 7
33 87 10
33 73 13
33 66 10
34 51 2
34 63 9
34 35 34
34 41 48
34 80 6
34 84 7
34 79 4
34 37 21
34 72 3
34 69 7
34 62 59
34 61 28
34 60 8
34 54 26
34 45 35
34 68 14
34 49 2
35 71 1
35 81 5
35 41 19
35 67 4
35 37 6
35 36 10
35 50 30
35 56 16
35 62 30
35 85 32
35 94 21
35 48 19
35 57 31
35 58 40
35 97 21
35 89 3
35 95 23
35 52 5
35 59 35
35 38 18
36 45 24
36 85 34
36 57 19
36 78 11
36 80 22
36 71 50
36 51 20
36 38 35
36 59 15
36 44 8
36 41 31
36 54 21
36 60 5
36 65 26
36 88 21
36 90 13
37 46 36
37 40 15
37 47 29
37 74 53
37 87 6
37 84 11
37 55 14
37 43 22
37 62 43
38 79 33
38 48 17
38 85 34
38 67 15
38 54 27
38 44 12
38 65 54
38 91 56
38 50 48
38 56 7
38 81 8
38 89 23
38 70 12
38 95 60
38 41 35
38 52 25
38 51 28
38 77 3
38 64 3
38 88 26
38 53 19
38 59 8
39 62 31
39 58 32
39 43 19
39 90 31
39 80 7
39 74 26
39 83 20
39 45 7
39 87 15
39 46 1
39 66 27
39 67 4
39 41 36
40 83 5
40 77 35
40 59 43
40 76 29
40 58 19
40 88 23
40 56 19
40 44 13
40 54 12
40 74 38
40 53 16
40 97 32
40 92 18
40 66 22
40 55 2
40 46 36
40 47 36
40 72 38
40 51 13
40 96 1
41 95 9
41 53 32
41 68 1
41 70 1
41 83 11
41 48 23
41 87 4
41 88 13
41 60 15
41 47 2
41 91 8
41 78 19
41 46 26
41 44 39
41 58 10
41 85 30
41 61 4
41 93 14
41 72 16
41 84 25
41 56 31
41 71 31
42 95 24
42 43 16
42 86 14
42 60 23
42 97 22
42 99 27
42 68 26
42 77 31
42 74 2
42 72 13
42 61 2
42 67 10
42 56 22
42 82 17
42 71 8
43 91 5
43 52 24
43 65 18
43 44 6
43 60 22
43 62 19
43 56 16
43 55 21
43 75 20
43 51 22
43 90 8
43 99 42
44 98 7
44 86 3
44 69 3
44 60 46
44 85 18
44 76 25
45 89 65
45 52 12
45 73 31
45 74 34
45 69 13
45 88 21
45 77 26
45 93 14
45 85 15
45 54 3
45 47 61
45 50 18
45 86 36
45 61 17
46 51 15
46 65 1
46 59 11
46 77 21
46 60 17
46 64 15
46 54 24
46 92 4
47 87 30
47 61 32
47 79 15
47 51 14
47 60 28
47 73 15
47 70 19
47 53 56
47 98 44
47 78 16
47 68 33
47 80 38
47 76 29
47 69 33
47 62 35
47 89 8
47 63 21
47 99 36
48 75 6
48 56 20
48 61 17
48 96 18
48 60 56
48 51 17
48 76 38
48 88 1
48 87 30
48 91 47
48 55 16
48 98 18
48 63 22
48 54 22
49 93 18
49 80 12
49 95 14
49 59 7
49 71 2
49 58 5
49 57 8
49 63 10
49 76 15
49 54 9
49 52 30
49 88 12
49 69 4
49 91 13
49 68 9
50 94 26
50 79 15
50 97 15
50 82 7
50 85 15
50 87 2
50 80 4
50 59 1
50 57 10
50 78 30
50 61 8
50 75 8
51 99 27
51 80 7
51 53 2
51 71 6
51 85 13
51 65 41
51 59 7
51 60 6
51 94 1
51 92 35
51 69 6
51 61 30
51 83 9
51 54 6
52 69 15
52 65 48
52 62 3
52 60 28
52 91 10
52 73 1
52 68 36
52 66 11
53 59 16
53 71 2
53 89 9
53 93 36
53 63 4
53 67 29
53 57 2
53 66 24
53 74 20
53 60 15
53 84 7
53 88 8
53 72 1
53 85 2
53 98 31
53 95 13
54 68 28
54 89 9
54 79 10
54 92 17
54 74 17
54 60 29
54 93 4
54 58 4
54 64 18
54 91 12
54 88 1
55 99 4
55 89 22
55 98 14
55 67 2
55 73 14
55 62 27
55 83 4
55 87 33
55 61 17
55 78 1
55 80 3
56 58 10
56 66 17
56 88 11
56 76 21
56 77 34
56 75 24
56 80 15
56 84 6
56 71 5
56 96 18
57 89 3
57 61 16
57 94 3
57 98 13
57 60 15
57 85 21
57 99 19
57 87 32
57 62 19
57 59 44
57 80 21
58 84 16
58 94 26
58 89 16
58 76 3
58 77 12
58 63 3
58 61 43
58 92 13
58 68 23
59 88 1
59 67 12
59 96 1
59 97 29
59 74 38
59 98 2
59 94 55
60 97 21
60 74 14
60 98 19
60 64 14
60 62 27
60 87 22
60 80 24
60 92 32
60 96 17
60 70 12
60 73 40
60 79 32
61 84 18
61 75 11
61 91 7
61 69 10
61 88 22
61 78 12
61 62 15
61 89 8
61 73 12
61 76 19
61 87 5
62 84 14
62 82 38
62 96 40
62 98 17
62 63 39
62 68 13
62 94 20
62 76 7
62 69 17
62 91 10
62 86 14
62 93 5
62 77 5
62 97 3
62 74 3
63 78 6
63 71 19
63 81 36
63 75 30
63 91 22
63 70 29
63 84 2
63 76 6
64 76 3
64 82 2
64 72 10
64 90 3
64 78 2
64 95 27
64 70 6
64 79 4
64 67 6
64 83 19
64 69 2
64 71 24
65 96 10
65 81 8
65 76 5
65 71 23
65 69 14
65 89 6
65 99 6
65 82 3
65 88 18
65 70 3
66 87 24
66 99 14
66 93 29
66 79 4
66 88 6
66 69 6
66 91 21
66 92 10
66 86 1
66 84 6
66 74 25
66 94 6
66 90 6
67 82 12
67 73 11
67 80 1
67 95 2
67 93 7
67 88 23
67 76 1
68 73 10
68 95 8
68 82 18
68 85 2
68 96 6
68 69 24
68 71 15
69 80 17
69 88 30
69 91 23
70 90 10
70 78 8
70 85 40
70 96 3
70 74 12
70 87 10
71 94 19
71 77 19
71 80 15
71 97 5
71 98 14
71 91 45
71 81 20
71 89 12
71 87 15
71 96 23
71 73 22
71 85 16
72 96 42
72 90 3
72 93 22
72 83 15
72 82 4
72 78 7
72 87 32
73 99 11
73 85 19
73 90 14
73 79 9
73 77 27
73 82 8
73 86 12
73 83 10
74 98 7
74 93 39
74 99 3
74 90 10
74 87 30
74 83 28
75 99 13
75 89 4
75 98 11
75 81 4
75 79 9
75 95 9
75 77 37
76 93 18
76 98 15
76 90 2
76 77 7
76 92 5
76 78 14
76 79 6
76 89 2
77 97 49
77 99 42
77 90 44
77 93 44
77 92 28
77 81 10
77 87 33
78 83 4
78 80 11
78 92 19
78 98 8
78 85 45
78 96 30
78 82 10
79 90 3
79 94 4
79 91 38
79 98 9
80 86 19
80 81 20
81 93 22
81 85 3
81 82 15
81 95 8
81 99 6
81 84 16
81 90 9
82 87 33
82 83 36
82 88 17
82 95 14
83 93 24
83 89 5
83 91 10
83 85 20
83 95 26
83 90 14
83 98 7
84 95 13
84 91 20
85 91 12
85 87 17
85 97 46
85 86 10
85 93 6
86 98 21
86 89 15
86 88 11
87 90 1
87 88 8
87 92 5
87 91 34
88 96 17
88 99 1
89 90 2
89 91 7
89 92 26
90 99 12
90 93 14
91 96 10
91 98 7
91 95 38
92 99 5
92 95 14
93 99 15
94 98 17
94 95 1
